P_TreeDungeon,5125,5167,1183,1228
SmallOutpost,5232,5254,1177,1207
StonePlantMound1,5166,5172,1408,1414
DinosaurSkull,5281,5300,1199,1210
StoneLeafMound,5297,5304,1260,1269
StoneMazePath,5293,5295,1289,1291
StoneMazePathBig,5293,5301,1268,1276
StoneMazePath,5290,5292,1289,1291
StoneMazePath,5287,5289,1289,1291
StoneMazeFountain,5287,5295,1280,1288
StoneMazePath,5296,5298,1277,1279
StoneMazePath,5284,5286,1289,1291
StoneMazeSpiderRoom,5287,5292,1274,1279
StoneMazePath,5290,5292,1271,1273
StoneMazePath,5299,5301,1277,1279
StoneMazeEndChest,5293,5295,1277,1279
StoneMazeEndChest,5290,5292,1268,1270
StoneMazePath,5296,5298,1283,1285
StoneMazePath,5302,5304,1271,1273
StoneMazeFountain,5299,5307,1280,1288
StoneMazePath,5305,5307,1271,1273
StoneMazePath,5302,5304,1274,1276
StoneMazePath,5305,5307,1268,1270
StoneMazePath,5302,5304,1268,1270
StoneMazeEndChest,5302,5304,1289,1291
StoneMazePath,5302,5304,1277,1279
StoneMazeEndChest,5305,5307,1277,1279
StoneMazeSmall,5284,5307,1268,1291
DinosaurSkeleton,5304,5350,1070,1079
StoneBoulder,5320,5329,1262,1271
ShrineSmallAir,5585,5593,1030,1038
UndergroundCrypt,5457,5471,1041,1069
StonePlantMound3,5509,5518,1050,1061
StoneBoulder,5493,5502,1139,1148
StonePlantMound4,5463,5470,1240,1247
StoneMazePathBig,5569,5577,1285,1293
StoneMazePathBig,5545,5553,1285,1293
StoneMazePathBig,5569,5577,1276,1284
StoneMazePathBig,5578,5586,1276,1284
StoneMazePath,5539,5541,1234,1236
StoneMazeSpiderRoom,5554,5559,1285,1290
StoneMazePath,5560,5562,1234,1236
StoneMazePathBig,5569,5577,1267,1275
StoneMazePath,5584,5586,1246,1248
StoneMazePath,5581,5583,1273,1275
StoneMazePath,5584,5586,1273,1275
StoneMazeFountain,5536,5544,1237,1245
StoneMazeShootingRange,5578,5586,1240,1245
StoneMazePath,5578,5580,1270,1272
StoneMazePath,5560,5562,1237,1239
StoneMazePath,5578,5580,1288,1290
StoneMazePath,5563,5565,1234,1236
StoneMazePath,5578,5580,1291,1293
StoneMazeStudy,5545,5553,1270,1284
StoneMazePath,5533,5535,1240,1242
StoneMazePath,5527,5529,1276,1278
StoneMazePath,5581,5583,1270,1272
StoneMazePath,5557,5559,1237,1239
StoneMazePath,5551,5553,1276,1278
StoneMazePath,5539,5541,1246,1248
StoneMazePath,5581,5583,1246,1248
StoneMazePath,5578,5580,1246,1248
StoneMazePath,5536,5538,1246,1248
StoneMazePathBig,5554,5562,1273,1281
StoneMazePathBig,5527,5535,1255,1263
StoneMazePath,5563,5565,1237,1239
StoneMazePath,5530,5532,1252,1254
StoneMazePath,5575,5577,1246,1248
StoneMazePath,5584,5586,1270,1272
StoneMazeEndChest,5584,5586,1249,1251
StoneMazePathBig,5527,5535,1264,1272
StoneMazePath,5533,5535,1246,1248
StoneMazeStudy,5530,5544,1285,1293
StoneMazePath,5530,5532,1249,1251
StoneMazePath,5554,5556,1237,1239
StoneMazePath,5578,5580,1273,1275
StoneMazePath,5533,5535,1249,1251
StoneMazeEndChest,5554,5556,1234,1236
StoneMazePath,5533,5535,1252,1254
StoneMazePath,5533,5535,1237,1239
StoneMazeEndChest,5536,5538,1249,1251
StoneMazeFountain,5536,5544,1255,1263
StoneMazePath,5527,5529,1273,1275
StoneMazePath,5566,5568,1270,1272
StoneMazePath,5557,5559,1282,1284
StoneMazePath,5539,5541,1249,1251
StoneMazePathBig,5545,5553,1255,1263
StoneMazePathBig,5551,5559,1240,1248
StoneMazePath,5533,5535,1234,1236
StoneMazePath,5539,5541,1252,1254
StoneMazePath,5566,5568,1267,1269
StoneMazePath,5542,5544,1249,1251
StoneMazeShootingRange,5560,5565,1243,1251
StoneMazeEndChest,5554,5556,1249,1251
StoneMazePath,5530,5532,1273,1275
StoneMazePath,5542,5544,1246,1248
StoneMazePath,5533,5535,1243,1245
StoneMazePath,5527,5529,1249,1251
StoneMazeEndChest,5530,5532,1243,1245
StoneMazePath,5548,5550,1243,1245
StoneMazePath,5527,5529,1252,1254
StoneMazeEndChest,5536,5538,1252,1254
StoneMazePath,5578,5580,1267,1269
StoneMazePath,5527,5529,1246,1248
StoneMazePath,5527,5529,1243,1245
StoneMazePath,5566,5568,1237,1239
StoneMazeEndChest,5536,5538,1285,1287
StoneMazePath,5542,5544,1252,1254
StoneMazePath,5581,5583,1267,1269
StoneMazePath,5530,5532,1246,1248
StoneMazePath,5581,5583,1264,1266
StoneMazePath,5545,5547,1246,1248
StoneMazePathBig,5554,5562,1264,1272
StoneMazePath,5545,5547,1249,1251
StoneMazePathBig,5569,5577,1234,1242
StoneMazePath,5584,5586,1237,1239
StoneMazePath,5548,5550,1249,1251
StoneMazeEndChest,5563,5565,1267,1269
StoneMazePathBig,5554,5562,1255,1263
StoneMazePath,5545,5547,1243,1245
StoneMazePath,5584,5586,1234,1236
StoneMazePath,5557,5559,1252,1254
StoneMazeEndChest,5554,5556,1252,1254
StoneMazePath,5566,5568,1240,1242
StoneMazePath,5548,5550,1252,1254
StoneMazePath,5575,5577,1243,1245
StoneMazePath,5551,5553,1249,1251
StoneMazePath,5566,5568,1288,1290
StoneMazePath,5551,5553,1237,1239
StoneMazePath,5566,5568,1291,1293
StoneMazePath,5566,5568,1243,1245
StoneMazePath,5569,5571,1243,1245
StoneMazePath,5548,5550,1240,1242
StoneMazePath,5545,5547,1240,1242
StoneMazePath,5581,5583,1291,1293
StoneMazePath,5560,5562,1252,1254
StoneMazePath,5548,5550,1246,1248
StoneMazeFountain,5569,5577,1258,1266
StoneMazePath,5578,5580,1237,1239
StoneMazePath,5563,5565,1270,1272
StoneMazePath,5578,5580,1261,1263
StoneMazePath,5572,5574,1243,1245
StoneMazePath,5527,5529,1240,1242
StoneMazePath,5545,5547,1237,1239
StoneMazePath,5581,5583,1234,1236
StoneMazePath,5563,5565,1288,1290
StoneMazePath,5545,5547,1252,1254
StoneMazeEndChest,5566,5568,1261,1263
StoneMazePath,5584,5586,1267,1269
StoneMazePath,5551,5553,1234,1236
StoneMazePath,5527,5529,1237,1239
StoneMazeEndChest,5581,5583,1261,1263
StoneMazeEndChest,5551,5553,1267,1269
StoneMazePath,5581,5583,1288,1290
StoneMazePath,5563,5565,1258,1260
StoneMazeEndChest,5563,5565,1291,1293
StoneMazeEndChest,5557,5559,1249,1251
StoneMazePath,5527,5529,1234,1236
StoneMazePath,5578,5580,1234,1236
StoneMazeEndChest,5557,5559,1234,1236
StoneMazePath,5548,5550,1237,1239
StoneMazePath,5563,5565,1285,1287
StoneMazePath,5530,5532,1240,1242
StoneMazePath,5584,5586,1264,1266
StoneMazePath,5566,5568,1258,1260
StoneMazeShootingRange,5566,5574,1246,1251
StoneMazeEndChest,5566,5568,1234,1236
StoneMazePath,5563,5565,1282,1284
StoneMazeEndChest,5530,5532,1237,1239
StoneMazeEndChest,5530,5532,1234,1236
StoneMazePath,5560,5562,1288,1290
StoneMazePath,5572,5574,1252,1254
StoneMazePath,5575,5577,1252,1254
StoneMazePath,5569,5571,1252,1254
StoneMazePath,5578,5580,1252,1254
StoneMazeEndChest,5578,5580,1264,1266
StoneMazePath,5560,5562,1240,1242
StoneMazePath,5566,5568,1252,1254
StoneMazePath,5578,5580,1255,1257
StoneMazePath,5584,5586,1261,1263
StoneMazePath,5581,5583,1252,1254
StoneMazeEndChest,5563,5565,1240,1242
StoneMazePath,5560,5562,1285,1287
StoneMazePath,5581,5583,1255,1257
StoneMazePath,5584,5586,1258,1260
StoneMazeEndChest,5581,5583,1285,1287
StoneMazePath,5563,5565,1252,1254
StoneMazePath,5566,5568,1255,1257
StoneMazePath,5572,5574,1255,1257
StoneMazePath,5578,5580,1258,1260
StoneMazePath,5563,5565,1279,1281
StoneMazePath,5566,5568,1285,1287
StoneMazePath,5569,5571,1255,1257
StoneMazePath,5581,5583,1258,1260
StoneMazePath,5563,5565,1255,1257
StoneMazePath,5566,5568,1282,1284
StoneMazePath,5575,5577,1255,1257
StoneMazeEndChest,5584,5586,1255,1257
StoneMazeEndChest,5560,5562,1282,1284
StoneMazePath,5578,5580,1249,1251
StoneMazePath,5563,5565,1276,1278
StoneMazeEndChest,5563,5565,1273,1275
StoneMazePath,5581,5583,1249,1251
StoneMazeHuge,5527,5586,1234,1293
StonePlantMound4,5406,5413,1288,1295
RLCraft_SmallUndergroundSkeleton,5464,5472,1292,1300
