StonePlantMound3,4610,4619,2578,2589
ClayWaterMound,4626,4633,2686,2694
StonePlantBoulder,4612,4622,2774,2784
StoneLeafMound,4664,4673,2752,2759
StoneBoulder,4644,4653,2850,2859
SmallWoodenCottage2,4701,4709,2851,2859
StonePlantMound3,4715,4726,2816,2825
StonePlantMound2,4697,4709,2891,2904
MesoMazeStairCorridor,4722,4724,2894,2899
MesoMazeCorridorCollapse,4725,4727,2906,2911
MesoMazeZombieTable,4725,4730,2912,2917
MesoMazeSpiderTurn,4725,4730,2900,2905
MesoMazePath,4728,4730,2906,2908
MesoMazePath,4728,4730,2909,2911
MesoMazePath,4725,4727,2912,2914
MesoMazeSpiderTurn,4728,4733,2912,2917
MesoMazeGrowth,4719,4724,2888,2893
MesoMazePath,4719,4721,2885,2887
MesoMazeStairTurn,4725,4730,2918,2923
MesoMazePath,4725,4727,2915,2917
MesoMazePath,4731,4733,2918,2920
MesoMazePath,4731,4733,2921,2923
MesoMazeStairTurn,4713,4718,2885,2890
MesoMazePath,4725,4727,2924,2926
MesoMazeSpiderTurn,4722,4727,2882,2887
MesoMazeStairTurn,4734,4739,2915,2920
MesoMazePath,4731,4733,2924,2926
MesoMazePath,4719,4721,2882,2884
MesoMazePath,4719,4721,2879,2881
MesoMazeStairTurn,4731,4736,2897,2902
MesoMazeSpiderTurn,4716,4721,2879,2884
MesoMazeStairCorridor,4719,4724,2924,2926
MesoMazePath,4722,4724,2879,2881
MesoMazePath,4725,4727,2879,2881
MesoMazeZombieTable,4713,4718,2879,2884
MesoMazeStairTurn,4734,4739,2891,2896
MesoMazeStairTurn,4737,4742,2885,2890
MesoMazePath,4728,4730,2924,2926
MesoMazePath,4731,4733,2903,2905
MesoMazeStairTurn,4713,4718,2891,2896
MesoMazeStorage,4722,4727,2879,2884
MesoMazeStairCorridor,4707,4712,2891,2893
MesoMazeStorage,4725,4730,2885,2890
MesoMazeSpiderTurn,4731,4736,2921,2926
MesoMazePath,4704,4706,2891,2893
MesoMazeStairTurn,4734,4739,2909,2914
MesoMazePath,4716,4718,2924,2926
MesoMazePath,4722,4724,2912,2914
MesoMazePath,4731,4733,2918,2920
MesoMazePath,4731,4733,2906,2908
MesoMazeStairCorridor,4740,4745,2891,2893
MesoMazeZombieTable,4701,4706,2894,2899
MesoMazeGrowth,4716,4721,2909,2914
MesoMazeSpiderTurn,4728,4733,2879,2884
MesoMazeStorage,4719,4724,2885,2890
MesoMazePath,4740,4742,2912,2914
MesoMazeCorridorCollapse,4731,4733,2885,2890
MesoMazeSpiderTurn,4728,4733,2891,2896
MesoMazeStairCorridor,4737,4742,2921,2923
MesoMazeSpiderTurn,4740,4745,2915,2920
MesoMazeStorage,4731,4736,2879,2884
MesoMazePath,4704,4706,2888,2890
MesoMazePath,4734,4736,2879,2881
MesoMazePath,4746,4748,2915,2917
MesoMazePath,4746,4748,2891,2893
MesoMazePath,4746,4748,2888,2890
MesoMazePath,4728,4730,2879,2881
MesoMazePath,4725,4727,2891,2893
MesoMazePath,4734,4736,2924,2926
MesoMazePath,4701,4703,2891,2893
MesoMazeCorridorCollapse,4743,4745,2909,2914
MesoMazeCorridorCollapse,4737,4742,2924,2926
MesoMazeCorridorCollapse,4734,4739,2906,2908
MesoMazePath,4734,4736,2882,2884
MesoMazePath,4701,4703,2888,2890
MesoMazePath,4734,4736,2921,2923
MesoMazeStairCorridor,4737,4742,2879,2881
MesoMazeStairTurn,4710,4715,2906,2911
MesoMazePath,4728,4730,2888,2890
MesoMazePath,4734,4736,2888,2890
MesoMazePath,4740,4742,2906,2908
MesoMazePath,4731,4733,2891,2893
MesoMazePath,4707,4709,2906,2908
MesoMazeCorridorCollapse,4707,4709,2900,2905
MesoMazePath,4743,4745,2888,2890
MesoMazeSpiderTurn,4707,4712,2885,2890
MesoMazePath,4743,4745,2906,2908
MesoMazePath,4710,4712,2882,2884
MesoMazePath,4734,4736,2885,2887
MesoMazeZombieTable,4743,4748,2921,2926
MesoMazePath,4719,4721,2894,2896
MesoMazeCorridorCollapse,4743,4745,2882,2887
MesoMazePath,4746,4748,2906,2908
MesoMazePath,4743,4745,2879,2881
MesoMazePath,4734,4736,2885,2887
MesoMazePath,4725,4727,2894,2896
MesoMazePath,4746,4748,2918,2920
MesoMazePath,4737,4739,2882,2884
MesoMazePath,4743,4745,2879,2881
MesoMazeCorridorCollapse,4746,4748,2909,2914
MesoMazePath,4743,4745,2888,2890
MesoMazePath,4740,4742,2906,2908
MesoMazePath,4746,4748,2903,2905
MesoMazePath,4746,4748,2888,2890
MesoMazeStairTurn,4701,4706,2906,2911
MesoMazeStairTurn,4704,4709,2879,2884
MesoMazePath,4710,4712,2882,2884
MesoMazeCorridorCollapse,4707,4709,2909,2914
MesoMazePath,4740,4742,2909,2911
MesoMazePath,4725,4727,2888,2890
MesoMazeCorridorCollapse,4743,4745,2900,2905
MesoMazePath,4743,4745,2906,2908
MesoMazePath,4731,4733,2909,2911
MesoMazePath,4740,4742,2909,2911
MesoMazeStorage,4704,4709,2915,2920
MesoMazePath,4743,4745,2915,2917
MesoMazePath,4707,4709,2897,2899
MesoMazePath,4740,4742,2915,2917
MesoMazePath,4743,4745,2897,2899
MesoMazePath,4740,4742,2882,2884
MesoMazePath,4701,4703,2879,2881
MesoMazePath,4704,4706,2912,2914
MesoMazePath,4728,4730,2882,2884
MesoMazePath,4746,4748,2879,2881
MesoMazeGrowth,4737,4742,2900,2905
MesoMazeGrowth,4701,4706,2900,2905
MesoMazePath,4743,4745,2918,2920
MesoMazePath,4743,4745,2924,2926
MesoMazePath,4701,4703,2915,2917
MesoMazePath,4731,4733,2906,2908
MesoMazePath,4740,4742,2918,2920
MesoMazeStorage,4707,4712,2915,2920
MesoMazePath,4710,4712,2885,2887
MesoMazePath,4713,4715,2882,2884
MesoMazePath,4707,4709,2906,2908
MesoMazePath,4737,4739,2897,2899
MesoMazePath,4746,4748,2918,2920
MesoMazePath,4701,4703,2912,2914
MesoMazePath,4701,4703,2918,2920
MesoMazePath,4740,4742,2897,2899
MesoMazePath,4746,4748,2915,2917
MesoMazeCorridorCollapse,4746,4748,2897,2902
MesoMazePath,4710,4712,2912,2914
MesoMazePath,4746,4748,2894,2896
MesoMazePath,4740,4742,2882,2884
MesoMazePath,4704,4706,2885,2887
MesoMazePath,4737,4739,2882,2884
MesoMazePath,4746,4748,2894,2896
MesoMazePath,4707,4709,2897,2899
MesoMazePath,4701,4703,2885,2887
MesoMazePath,4743,4745,2897,2899
MesoMazePath,4746,4748,2906,2908
MesoMazePath,4713,4715,2912,2914
MesoMazePath,4743,4745,2894,2896
MesoMazePath,4704,4706,2915,2917
MesoMazePath,4746,4748,2903,2905
MesoMazeStorage,4701,4706,2918,2923
MesoMazeStairCorridor,4707,4712,2921,2923
MesoMazePath,4740,4742,2894,2896
MesoMazePath,4701,4703,2897,2899
MesoMazePath,4704,4706,2897,2899
MesoMazePath,4713,4715,2912,2914
MesoMazePath,4734,4736,2888,2890
MesoMazePath,4713,4715,2879,2881
MesoMazePath,4713,4715,2915,2917
MesoMazePath,4713,4715,2915,2917
MesoMazePath,4701,4703,2915,2917
MesoMazePath,4740,4742,2897,2899
MesoMazeGrowth,4704,4709,2885,2890
MesoMazePath,4731,4733,2903,2905
MesoMazePath,4710,4712,2879,2881
MesoMazePath,4710,4712,2888,2890
MesoMazePath,4701,4703,2882,2884
MesoMazePath,4746,4748,2882,2884
MesoMazePath,4740,4742,2900,2902
MesoMazeStairCorridor,4719,4721,2897,2902
MesoMazePath,4716,4718,2915,2917
MesoMazePath,4701,4703,2888,2890
MesoMazePath,4701,4703,2885,2887
MesoMazePath,4707,4709,2894,2896
MesoMazePath,4746,4748,2891,2893
MesoMazeStorage,4719,4724,2915,2920
MesoMazePath,4746,4748,2885,2887
MesoMazePath,4704,4706,2912,2914
MesoMazePath,4710,4712,2894,2896
MesoMazeSpiderTurn,4713,4718,2918,2923
MesoMazePath,4719,4721,2921,2923
MesoMazeGrowth,4716,4721,2912,2917
MesoMazePath,4716,4718,2918,2920
MesoMazePath,4716,4718,2921,2923
MesoMazePath,4722,4724,2912,2914
MesoMazePath,4722,4724,2915,2917
MesoMazePath,4722,4724,2921,2923
MesoMazeStairCorridor,4719,4721,2903,2908
MesoMazePath,4704,4706,2894,2896
MesoMazePath,4722,4724,2918,2920
MesoMazePath,4701,4703,2891,2893
MesoMazePath,4704,4706,2891,2893
MesoMazePath,4719,4721,2918,2920
MesoMazeStairCorridor,4710,4712,2897,2902
MesoMazePath,4701,4703,2894,2896
MesoMazePath,4701,4703,2912,2914
MesoMazePath,4710,4712,2918,2920
MesoMazePath,4719,4721,2909,2911
MesoMazePath,4710,4712,2915,2917
MesoMazePath,4701,4703,2882,2884
MesoMazePath,4734,4736,2903,2905
MesoMazePath,4713,4715,2921,2923
MesoMazePath,4722,4724,2909,2911
MesoMazePath,4713,4715,2924,2926
MesoMazePath,4713,4715,2918,2920
MesoMazePath,4701,4703,2879,2881
MesoMazePath,4716,4718,2924,2926
MesoMazePath,4710,4712,2903,2905
MesoMazePath,4713,4715,2924,2926
MesoMazePath,4722,4724,2906,2908
MesoMazeCorridorCollapse,4707,4712,2924,2926
MesoMazePath,4704,4706,2924,2926
MesoMazePath,4716,4718,2909,2911
MesoMazeStairCorridor,4716,4718,2903,2908
MesoMazePath,4716,4718,2900,2902
MesoMazePath,4713,4715,2900,2902
MesoMazePath,4704,4706,2924,2926
MesoMazePath,4713,4715,2897,2899
MesoMazePath,4713,4715,2903,2905
MesoMazePath,4701,4703,2924,2926
MesoMazePath,4716,4718,2897,2899
MesoMazePath,4701,4703,2924,2926
MesoMazePath,4701,4703,2921,2923
MesoMazePath,4704,4706,2921,2923
MesoMazePagoda,4701,4748,2879,2926
